Map 1:
5
3
0 0
3 1
4 4
Ans: [(0, 1), (0, 2), (0, 3), (0, 4), (1, 4), (1, 3), (1, 2), (1, 1), (1, 0), (2, 0), (2, 1), (2, 2), (2, 3), (2, 4), (3, 4), (3, 3), (3, 2), (3, 1), (3, 0), (4, 0), (4, 1), (4, 2), (4, 3), (4, 4)]
Version 1: ~74
Version 2: ~0.15

Map 2:
5
4
0 0
4 4
0 1
0 4
Ans: [(1, 0), (2, 0), (2, 1), (2, 2), (2, 3), (3, 3), (3, 2), (3, 1), (3, 0), (4, 0), (4, 1), (4, 2), (4, 3), (4, 4), (3, 4), (2, 4), (1, 4), (1, 3), (1, 2), (1, 1), (0, 1), (0, 2), (0, 3), (0, 4)]
Version 1: ~50
Version 2: ~0.15

Map 3:
6
5
3 2
1 3
5 0
0 5
5 5
Ans: [(3, 2), (3, 3), (3, 4), (2, 4), (1, 4), (1, 3), (2, 3), (2, 2), (2, 1), (3, 1), (4, 1), (4, 2), (4, 3), (4, 4), (5, 4), (5, 3), (5, 2), (5, 1), (5, 0), (4, 0), (3, 0), (2, 0), (1, 0), (0, 0), (0, 1), (1, 1), (1, 2), (0, 2), (0, 3), (0, 4), (0, 5), (1, 5), (2, 5), (3, 5), (4, 5), (5, 5)]
Version 1: Exceed Time Limit
Version 2: ~28
